2 3 7 16 
2 9 6 15 
2 14 7 16 
2 15 6 15 
2 20 7 16  LEAP
2 25 7 16 
2 26 6 15 
2 31 7 16 
2 37 6 15 
2 42 7 16 
2 43 6 15 
2 48 7 16  LEAP
2 53 7 16 
2 54 6 15 
2 59 7 16 
2 65 6 15 
2 70 7 16 
2 71 6 15 
2 76 7 16  LEAP
2 81 7 16 
2 82 6 15 
2 87 7 16 
2 93 6 15 
2 98 7 16 
2 99 6 15 
2 105 6 15 
2 110 7 16 
2 111 6 15 
2 116 7 16  LEAP
2 121 7 16 
2 122 6 15 
2 127 7 16 
2 133 6 15 
2 138 7 16 
2 139 6 15 
2 144 7 16  LEAP
2 149 7 16 
2 150 6 15 
2 155 7 16 
2 161 6 15 
2 166 7 16 
2 167 6 15 
2 172 7 16  LEAP
2 177 7 16 
2 178 6 15 
2 183 7 16 
2 189 6 15 
2 194 7 16 
2 195 6 15 
2 200 7 16 
2 201 6 15 
2 206 7 16 
2 207 6 15 
2 212 7 16  LEAP
2 217 7 16 
2 218 6 15 
2 223 7 16 
2 229 6 15 
2 234 7 16 
2 235 6 15 
2 240 7 16  LEAP
2 245 7 16 
2 246 6 15 
2 251 7 16 
2 257 6 15 
2 262 7 16 
2 263 6 15 
2 268 7 16  LEAP
2 273 7 16 
2 274 6 15 
2 279 7 16 
2 285 6 15 
2 290 7 16 
2 291 6 15 
2 296 7 16  LEAP
2 302 7 16 
2 303 6 15 
2 308 7 16  LEAP
2 313 7 16 
2 314 6 15 
2 319 7 16 
2 325 6 15 
2 330 7 16 
2 331 6 15 
2 336 7 16  LEAP
2 341 7 16 
2 342 6 15 
2 347 7 16 
2 353 6 15 
2 358 7 16 
2 359 6 15 
2 364 7 16  LEAP
2 369 7 16 
2 370 6 15 
2 375 7 16 
2 381 6 15 
2 386 7 16 
2 387 6 15 
2 392 7 16  LEAP
2 397 7 16 
2 398 6 15 
